0000000000000000000000000000000000000000000000000000000000000000
0000000000000000000000000000000000000000000000000000000000000000
0000000000000000000000011111111111111111100000000000000000000000
0000000000000000011111100000000000000000011111100000000000000000
0000000000000111100000000000000000000000000000011110000000000000
0000000000111000000000000000000000000000000000000001110000000000
0000000111000000000000000001111111100000000000000000001110000000
0000001000000000000000000000111111110000000000000000000001000000
0000110001000011111111000000110000111000111111110000000000110000
0001010110000001111111100000110000011100011111111000000000111000
0001011000000001100001110000110000011100011000011100000000101000
0010001000000001100000111000110000011100011000001110000001100100
0010000100000001100000111000110000011100011000001110000010010100
0010001010000001100000111000110000011100011000001110000000010100
0010001001000001100000111000110000111000011000001110000000100100
0010010000000001100000111000110000110000011000001110000000000100
0010000000000001100001110000110001110000011000011100000000000100
0010000000000001100001100001110011000000011000011000000000000100
0010000000000001100011100000110110000000011000111000000000000100
0010000000000011100110000000111100000000111001100000000000000100
0001000000000001101100000000111000000000011011000000000000000100
0000100000000001111000000000111000000000011110000000000000000100
0000010000000001110000000000111100000000011100000000000000001000
0011100000000001110000000000110000000000011100000000000000010000
0010000000000001111000000000110000000000011110000000000000001000
0010000000000001100000000000110000000000011000000000000000000100
0010000000000001100000000000110000000000011000000000000000000100
0010000000000001100000000000110000000000011000000000000000000100
0010000000000011110000000001111000000000111100000000000000000100
0010000000000000000000000000000000000000000000000000000000000100
0010011000100011001101100110011011011000011001001001001001000100
0010010101010100010001001000100010010100010101010101101010100100
0010011001010010001001100100010011010100011001011101011010100100
0010010001010001000101000010001010010100010001010101001010100100
0010010000100011001101100110011011011000010001010101001001000100
0010000000000000000000000000000000000000000000000000000000011100
0010000100000000000110011000100001011001001110000000000000100100
0011011000000000000101010101010001010010100100000000000001000100
0010100000000000000110011001010001011010000100000000000001000100
0010000000000000000100010101010101010010100100000000000000000100
0010000000000000000100010100100010011001000100000000000000000100
0010000000000000000000000000000000000000000000000000000000000100
0011111111111111111111111111111111111111111111111111111111111100
0000100111011100100111011101110010011101110010011101110111010000
0000100111011100100111011101110010011101110010011101110111010000
0000100111011100100111011101110010011101110010011101110111010000
0000100111011100100111011101110010011101110010011101110111010000
0000100111011100100111011101110010011101110010011101110111010000
0000100111011100100111011101110010011101110010011101110111010000
0000100010001000100010001000100010001000100010001000100010010000
0000100010001000100010001000100010001000100010001000100010010000
0000111111111111111111111111111111111111111111111111111111110000
